1011110010110 
10010111011001 
11001010111011 
1010110000011001 
110111001110111 
1011000111000100 
100000110111100 
1001111111 
1000100001000011 
100011110000110 
1111001000111100 
1110100000001100 
110010010000110 
11001011100 
1010101111100011 
1101011001010000 
1111100010110100 
111010010011 
111001101001000 
1001010100011100 
1010111111000111 
1011100000101100 
1010011001101001 
1011101000010111 
101111110110100 
1001010011100010 
1110110111001 
111011000010 
1111101011010001 
100100011101010 
1001100001010000 
1111011001010000 
